-0.199778
-0.195268
0.201305
0.904797
0.999187
0.984373
0.848473
-0.065439
-0.195638
0.250300
0.998871
0.999995
1.000000
0.999844
0.943458
-0.020318
0.062933
0.900731
0.999994
1.000000
1.000000
0.999239
0.919303
-0.119268
0.414017
0.998911
1.000000
1.000000
1.000000
0.993094
0.396297
-0.178980
0.604598
0.996041
1.000000
1.000000
0.999688
0.605611
-0.085705
-0.185812
0.848190
0.996407
0.999749
0.999248
0.935205
0.155086
-0.139881
-0.193699
0.701618
0.903698
0.915132
0.741319
0.295159
-0.098410
-0.181895
-0.198370
0.114354
0.218591
0.121848
-0.029448
-0.139085
-0.185548
-0.197746
-0.199674
-0.999724
-0.999110
-0.996336
-0.995135
-0.996845
-0.997783
-0.998338
-0.999675
-0.998950
-0.995875
-0.988323
-0.975994
-0.976916
-0.965703
-0.985282
-0.999758
-0.996257
-0.963469
-0.717651
-0.063038
-0.648404
-0.691411
-0.985349
-0.999758
-0.993122
-0.510129
-0.741317
-0.997729
-0.995718
-0.998363
-0.999759
-0.987275
-0.902617
-0.434985
-0.657125
-0.997275
-0.998837
-0.999759
-0.999759
-0.996470
-0.990275
-0.960670
-0.993058
-0.999686
-0.999758
-0.999759
-0.999759
-0.996328
-0.994305
-0.997666
-0.999581
-0.999747
-0.999759
-0.999759
-0.999759
-0.999587
-0.999602
-0.999694
-0.999746
-0.999758
-0.999759
-0.999759
-0.999759
0.985303
0.985497
0.987271
0.988983
0.988676
0.990006
0.988067
0.986282
0.985479
0.988370
0.995693
0.997850
0.998851
0.993958
0.989262
0.986848
0.987553
0.996928
0.999974
0.999585
0.993699
0.989555
0.987064
0.995064
0.999974
1.000000
0.998031
0.993357
0.989522
0.986971
0.999835
1.000000
1.000000
1.000000
0.997519
0.992717
0.989075
0.986512
0.999967
1.000000
0.999999
0.999690
0.996049
0.991210
0.987987
0.985836
0.999200
0.999579
0.999562
0.997402
0.992446
0.988564
0.986279
0.985421
0.991614
0.992661
0.991528
0.989140
0.987007
0.985848
0.985414
0.985312
-1.000000
-1.000000
-1.000000
-1.000000
-1.000000
-1.000000
-1.000000
-1.000000
-1.000000
-1.000000
-0.999999
-1.000000
-1.000000
-0.999992
-0.999998
-1.000000
-1.000000
-0.998401
-0.651708
-1.000000
-0.812907
-0.999519
-1.000000
-0.999699
-0.740131
-0.992117
-0.933455
-1.000000
-1.000000
-0.993997
-0.872198
-0.999978
-1.000000
-0.999998
-1.000000
-1.000000
-1.000000
-1.000000
-0.999990
-1.000000
-1.000000
-1.000000
-1.000000
-1.000000
-1.000000
-1.000000
-1.000000
-1.000000
-1.000000
-1.000000
-1.000000
-1.000000
-1.000000
-1.000000
-1.000000
-1.000000
-1.000000
-1.000000
-1.000000
-1.000000
-1.000000
1.000000
1.000000
1.000000
1.000000
1.000000
1.000000
1.000000
1.000000
1.000000
1.000000
1.000000
1.000000
1.000000
1.000000
1.000000
1.000000
1.000000
1.000000
1.000000
1.000000
1.000000
1.000000
1.000000
1.000000
1.000000
1.000000
1.000000
1.000000
1.000000
1.000000
1.000000
1.000000
1.000000
1.000000
1.000000
1.000000
1.000000
1.000000
1.000000
1.000000
1.000000
1.000000
1.000000
1.000000
1.000000
1.000000
1.000000
1.000000
1.000000
1.000000
1.000000
1.000000
1.000000
1.000000
1.000000
1.000000
1.000000
1.000000
1.000000
1.000000
-1.000000
-1.000000
-1.000000
-1.000000
-1.000000
-1.000000
-1.000000
-1.000000
-1.000000
-1.000000
-1.000000
-1.000000
-1.000000
-0.999995
-0.999999
-1.000000
-1.000000
-1.000000
-1.000000
-0.813879
-0.999658
-1.000000
-1.000000
-0.995209
-0.952643
-1.000000
-1.000000
-1.000000
-1.000000
-1.000000
-1.000000
-0.999999
-1.000000
-1.000000
-1.000000
-1.000000
-1.000000
-1.000000
-1.000000
-1.000000
-1.000000
-1.000000
-1.000000
-1.000000
-1.000000
-1.000000
-1.000000
-1.000000
-1.000000
-1.000000
-1.000000
-1.000000
-1.000000
-1.000000
-1.000000
-1.000000
-1.000000
-1.000000
-1.000000
0.992631
0.992649
0.992969
0.996143
0.999855
1.000000
1.000000
0.999591
0.992648
0.993034
0.996584
0.999193
1.000000
1.000000
1.000000
0.999784
0.992907
0.996034
1.000000
1.000000
0.998612
0.995558
1.000000
1.000000
0.999898
0.994786
0.992868
0.994453
0.997770
0.999882
1.000000
1.000000
0.999385
0.992931
0.992870
0.993575
0.995067
0.999991
1.000000
0.999856
0.993317
0.992684
0.992736
0.992981
0.993786
0.995609
0.995175
0.993306
0.992741
0.992640
0.992654
0.992705
0.992804
0.992860
0.992766
0.992675
0.992640
0.992631
-1.000000
-1.000000
-1.000000
-1.000000
-1.000000
-1.000000
-1.000000
-1.000000
-1.000000
-1.000000
-1.000000
-1.000000
-1.000000
-0.999999
-1.000000
-1.000000
-1.000000
-1.000000
-0.985142
-1.000000
-1.000000
-1.000000
-0.930687
-0.999639
-0.977597
-1.000000
-1.000000
-1.000000
-0.999941
-0.991576
-0.999754
-0.999953
-1.000000
-1.000000
-0.999981
-0.999802
-0.999034
-0.997094
-0.999998
-1.000000
-1.000000
-1.000000
-1.000000
-0.999998
-0.999996
-1.000000
-1.000000
-1.000000
-1.000000
-1.000000
-1.000000
-1.000000
-1.000000
-1.000000
-1.000000
-1.000000
-1.000000
0.930690
0.930835
0.932864
0.943629
0.997321
1.000000
1.000000
0.993820
0.930828
0.933440
0.949862
0.986582
1.000000
1.000000
1.000000
0.997502
0.932602
0.952148
1.000000
1.000000
0.987922
0.951430
0.991846
0.995312
0.953916
0.932647
0.957843
0.996309
1.000000
0.959207
0.947866
0.934162
0.935294
0.942636
1.000000
1.000000
0.963687
0.938507
0.932766
0.930980
0.931953
0.935062
0.954725
0.949419
0.936172
0.931911
0.930933
0.930714
0.930903
0.931356
0.931836
0.931466
0.931004
0.930780
0.930705
0.930689
-1.000000
-1.000000
-1.000000
-1.000000
-1.000000
-1.000000
-0.999938
-1.000000
-1.000000
-1.000000
-1.000000
-1.000000
-1.000000
-0.463022
-0.999938
-1.000000
-1.000000
-1.000000
-1.000000
-1.000000
-1.000000
-1.000000
-1.000000
-1.000000
-1.000000
-1.000000
-1.000000
-1.000000
-1.000000
-1.000000
-1.000000
-1.000000
-1.000000
-1.000000
-1.000000
-1.000000
-1.000000
-1.000000
-1.000000
-1.000000
-1.000000
-1.000000
-1.000000
-1.000000
-1.000000
-1.000000
-1.000000
-1.000000
-1.000000
-1.000000
-1.000000
-1.000000
-1.000000
-1.000000
-1.000000
0.133120
0.133123
0.133211
0.135180
0.197274
1.000000
0.240126
0.136876
0.133123
0.133229
0.135465
0.160348
1.000000
0.202770
0.154232
0.133190
0.134858
0.361463
0.174051
0.134533
0.677527
0.386345
0.183076
0.138164
0.359980
0.930627
1.000000
0.722819
0.393867
0.180519
0.261933
0.688631
1.000000
1.000000
0.939728
0.648711
0.329226
0.163184
0.392539
0.782450
0.974712
0.927176
0.673278
0.401628
0.214659
0.143010
0.268204
0.414356
0.441267
0.381320
0.272140
0.185572
0.145258
0.134360
-1.000000
-1.000000
-1.000000
-1.000000
-1.000000
-1.000000
-1.000000
-1.000000
-1.000000
-1.000000
-1.000000
-1.000000
-1.000000
-1.000000
-1.000000
-1.000000
-1.000000
-1.000000
-1.000000
-1.000000
-1.000000
-0.990690
-1.000000
-1.000000
-1.000000
-1.000000
-1.000000
-1.000000
-1.000000
-1.000000
-1.000000
-1.000000
-1.000000
-1.000000
-1.000000
-1.000000
-1.000000
-1.000000
-1.000000
-1.000000
-1.000000
-1.000000
-1.000000
-1.000000
-1.000000
-1.000000
-1.000000
-1.000000
-1.000000
-1.000000
-1.000000
-1.000000
-1.000000
1.000000
1.000000
1.000000
1.000000
1.000000
1.000000
1.000000
1.000000
1.000000
1.000000
1.000000
1.000000
1.000000
1.000000
1.000000
1.000000
1.000000
1.000000
1.000000
1.000000
1.000000
1.000000
1.000000
1.000000
1.000000
1.000000
1.000000
1.000000
1.000000
1.000000
1.000000
1.000000
1.000000
1.000000
1.000000
1.000000
1.000000
1.000000
1.000000
1.000000
1.000000
1.000000
1.000000
1.000000
1.000000
1.000000
1.000000
1.000000
1.000000
1.000000
1.000000
1.000000
-1.000000
-1.000000
-1.000000
-1.000000
-1.000000
-1.000000
-1.000000
-1.000000
-1.000000
-1.000000
-1.000000
-1.000000
-1.000000
-1.000000
-1.000000
-1.000000
-1.000000
-0.868663
-1.000000
-1.000000
-1.000000
-1.000000
-1.000000
-1.000000
-1.000000
-1.000000
-1.000000
-1.000000
-1.000000
-1.000000
-1.000000
-1.000000
-1.000000
-1.000000
-1.000000
-1.000000
-1.000000
-1.000000
-1.000000
-1.000000
-1.000000
-1.000000
-1.000000
-1.000000
-1.000000
-1.000000
-1.000000
-1.000000
-1.000000
-1.000000
-1.000000
0.868663
0.868663
0.868664
0.868678
0.869702
1.000000
0.869344
0.868669
0.868663
0.868664
0.868675
0.868942
1.000000
0.868937
0.870071
0.868664
0.868669
0.894523
0.868667
0.951341
0.868664
0.868666
0.868883
0.996693
0.999632
0.964605
0.868666
0.869049
0.879247
0.938890
0.998680
1.000000
0.999850
0.950776
0.868879
0.873855
0.902198
0.959199
0.997021
0.998980
0.975286
0.903716
0.869381
0.873389
0.885000
0.904752
0.916954
0.911134
0.886266
0.871841
-0.990637
-0.990637
-0.990636
-0.990636
-0.990636
-0.868198
-0.868198
-0.989675
-0.990637
-0.990633
-0.990631
-0.990636
-0.990459
-0.986966
-0.990629
-0.990579
-0.962768
-0.990614
-0.880408
-0.990636
-0.990636
-0.990611
0.944569
0.945298
-0.901142
-0.990637
-0.990591
-0.987983
-0.885393
-0.285988
-0.210774
-0.624030
-0.972569
-0.990616
-0.989846
-0.981364
-0.951225
-0.942108
-0.955297
-0.977098
-0.988639
-0.990566
-0.990121
-0.988900
-0.987909
-0.988105
-0.988974
-0.989985
-0.990530
0.868198
0.868198
0.868198
0.868198
0.868198
0.868198
0.868198
0.868204
0.868198
0.868198
0.868198
0.868198
0.868204
0.869607
0.868198
0.868198
0.894098
0.868198
0.951078
0.868198
0.868201
0.868419
0.996684
0.964692
0.868202
0.868586
0.878828
0.938697
0.998677
1.000000
1.000000
0.950534
0.868415
0.873412
0.901855
0.959048
0.997008
0.999575
0.981054
0.903345
0.868919
0.872941
0.884594
0.904415
0.916661
0.910819
0.885864
0.871387
-0.926673
-0.926672
-0.926640
-0.926202
-0.922526
-0.907991
-0.907991
-0.926367
-0.926672
-0.926631
-0.926290
-0.923756
-0.919990
-0.925858
-0.926630
-0.926191
-0.919576
-0.926487
-0.910081
-0.926670
-0.926614
-0.924023
-0.118696
-0.722821
-0.926612
-0.921516
-0.849541
-0.564257
0.728936
0.995233
-0.722821
-0.924236
-0.882244
-0.784939
-0.463522
-0.310392
-0.609946
-0.883330
-0.923337
-0.922944
-0.910642
-0.894052
-0.891821
-0.893619
-0.910518
-0.923497
-0.926456
-0.411956
-0.411956
-0.411956
-0.411956
-0.411956
-0.411956
-0.411956
-0.411956
-0.411956
-0.411956
-0.411956
-0.411956
-0.411956
-0.411947
-0.411956
-0.411956
-0.409651
-0.411956
-0.367343
-0.411956
-0.411938
-0.411236
-0.123881
-0.231850
-0.411935
-0.410564
-0.392254
-0.306322
-0.092714
-0.191030
-0.411002
-0.398218
-0.335795
-0.161000
0.018417
0.994439
0.994439
-0.260950
-0.408362
-0.389467
-0.332829
-0.229454
-0.036450
0.166071
-0.204572
-0.375902
0.310548
0.310556
0.310766
0.313537
0.335354
0.458608
0.458608
0.313474
0.310558
0.310820
0.312956
0.328069
0.352815
0.312141
0.310821
0.313256
0.311857
0.311666
0.313708
0.310568
0.310959
0.323442
0.687598
0.328910
0.310994
0.337949
0.454727
0.715137
0.984803
0.663829
0.325490
0.435018
0.587737
0.851726
0.763368
0.999945
0.592433
0.341922
0.442148
0.518489
0.581139
0.559501
0.414013
0.318341
0.311420
-0.999945
-0.999945
-0.999945
-0.999945
-0.999945
-0.999945
-0.999945
-0.999945
-0.999945
-0.999945
-0.999945
-0.999945
-0.999945
-0.999945
-0.999945
-0.999945
-0.999945
-0.999945
-0.999944
-0.999945
-0.999945
-0.999945
-0.999783
-0.999930
-0.999945
-0.999945
-0.999939
-0.999906
-0.999783
-0.999900
-0.999945
-0.999940
-0.999914
-0.999823
-0.999838
-0.999906
-0.999944
-0.999936
-0.999905
-0.999885
-0.999900
-0.584010
-0.584010
-0.999930
0.975268
0.975280
0.975531
0.977688
0.984206
0.999752
0.999752
0.979282
0.975282
0.975600
0.977307
0.982541
0.987479
0.977443
0.975607
0.977593
0.976317
0.976358
0.975299
0.975291
0.975303
0.975877
0.995121
0.975568
0.975288
0.976566
0.989681
0.995238
0.999752
0.977079
0.976012
0.984499
0.994469
0.995971
0.995090
0.995151
0.977264
0.984472
0.992128
0.992486
0.986887
10.000000
0.995151
-11.000000
-11.000000
-11.000000
-11.000000
-11.000000
-11.000000
-11.000000
-11.000000
-11.000000
-11.000000
-11.000000
-11.000000
-11.000000
-11.000000
-11.000000
-11.000000
-11.000000
-11.000000
-11.000000
-11.000000
-11.000000
-11.000000
-11.000000
-11.000000
-11.000000
-11.000000
-11.000000
-11.000000
-11.000000
-11.000000
-11.000000
-11.000000
-11.000000
-11.000000
-11.000000
-11.000000
-11.000000
-11.000000
-11.000000
-11.000000
-11.000000
-11.000000
-1.000000
-1.000000
-1.000000
-1.000000
-1.000000
il computer ha trovato una mossa vincente
